15-Puzzle initial state:
[[ 1 15  7 10]
 [ 9 14  4 11]
 [ 8  5  0  6]
 [13  3  2 12]]

Move: 1 
[[ 1 15  7 10]
 [ 9 14  4 11]
 [ 8  5  6  0]
 [13  3  2 12]] 
Move: 2 
[[ 1 15  7 10]
 [ 9 14  4  0]
 [ 8  5  6 11]
 [13  3  2 12]] 
Move: 3 
[[ 1 15  7 10]
 [ 9 14  0  4]
 [ 8  5  6 11]
 [13  3  2 12]] 
Move: 4 
[[ 1 15  7 10]
 [ 9  0 14  4]
 [ 8  5  6 11]
 [13  3  2 12]] 
Move: 5 
[[ 1 15  7 10]
 [ 9  5 14  4]
 [ 8  0  6 11]
 [13  3  2 12]] 
Move: 6 
[[ 1 15  7 10]
 [ 9  5 14  4]
 [ 0  8  6 11]
 [13  3  2 12]] 
Move: 7 
[[ 1 15  7 10]
 [ 0  5 14  4]
 [ 9  8  6 11]
 [13  3  2 12]] 
Move: 8 
[[ 1 15  7 10]
 [ 5  0 14  4]
 [ 9  8  6 11]
 [13  3  2 12]] 
Move: 9 
[[ 1 15  7 10]
 [ 5  8 14  4]
 [ 9  0  6 11]
 [13  3  2 12]] 
Move: 10 
[[ 1 15  7 10]
 [ 5  8 14  4]
 [ 9  3  6 11]
 [13  0  2 12]] 
Move: 11 
[[ 1 15  7 10]
 [ 5  8 14  4]
 [ 9  3  6 11]
 [13  2  0 12]] 
Move: 12 
[[ 1 15  7 10]
 [ 5  8 14  4]
 [ 9  3  0 11]
 [13  2  6 12]] 
Move: 13 
[[ 1 15  7 10]
 [ 5  8  0  4]
 [ 9  3 14 11]
 [13  2  6 12]] 
Move: 14 
[[ 1 15  7 10]
 [ 5  0  8  4]
 [ 9  3 14 11]
 [13  2  6 12]] 
Move: 15 
[[ 1  0  7 10]
 [ 5 15  8  4]
 [ 9  3 14 11]
 [13  2  6 12]] 
Move: 16 
[[ 1  7  0 10]
 [ 5 15  8  4]
 [ 9  3 14 11]
 [13  2  6 12]] 
Move: 17 
[[ 1  7 10  0]
 [ 5 15  8  4]
 [ 9  3 14 11]
 [13  2  6 12]] 
Move: 18 
[[ 1  7 10  4]
 [ 5 15  8  0]
 [ 9  3 14 11]
 [13  2  6 12]] 
Move: 19 
[[ 1  7 10  4]
 [ 5 15  0  8]
 [ 9  3 14 11]
 [13  2  6 12]] 
Move: 20 
[[ 1  7 10  4]
 [ 5  0 15  8]
 [ 9  3 14 11]
 [13  2  6 12]] 
Move: 21 
[[ 1  7 10  4]
 [ 5  3 15  8]
 [ 9  0 14 11]
 [13  2  6 12]] 
Move: 22 
[[ 1  7 10  4]
 [ 5  3 15  8]
 [ 9  2 14 11]
 [13  0  6 12]] 
Move: 23 
[[ 1  7 10  4]
 [ 5  3 15  8]
 [ 9  2 14 11]
 [13  6  0 12]] 
Move: 24 
[[ 1  7 10  4]
 [ 5  3 15  8]
 [ 9  2  0 11]
 [13  6 14 12]] 
Move: 25 
[[ 1  7 10  4]
 [ 5  3  0  8]
 [ 9  2 15 11]
 [13  6 14 12]] 
Move: 26 
[[ 1  7  0  4]
 [ 5  3 10  8]
 [ 9  2 15 11]
 [13  6 14 12]] 
Move: 27 
[[ 1  0  7  4]
 [ 5  3 10  8]
 [ 9  2 15 11]
 [13  6 14 12]] 
Move: 28 
[[ 1  3  7  4]
 [ 5  0 10  8]
 [ 9  2 15 11]
 [13  6 14 12]] 
Move: 29 
[[ 1  3  7  4]
 [ 5  2 10  8]
 [ 9  0 15 11]
 [13  6 14 12]] 
Move: 30 
[[ 1  3  7  4]
 [ 5  2 10  8]
 [ 9  6 15 11]
 [13  0 14 12]] 
Move: 31 
[[ 1  3  7  4]
 [ 5  2 10  8]
 [ 9  6 15 11]
 [13 14  0 12]] 
Move: 32 
[[ 1  3  7  4]
 [ 5  2 10  8]
 [ 9  6  0 11]
 [13 14 15 12]] 
Move: 33 
[[ 1  3  7  4]
 [ 5  2  0  8]
 [ 9  6 10 11]
 [13 14 15 12]] 
Move: 34 
[[ 1  3  0  4]
 [ 5  2  7  8]
 [ 9  6 10 11]
 [13 14 15 12]] 
Move: 35 
[[ 1  0  3  4]
 [ 5  2  7  8]
 [ 9  6 10 11]
 [13 14 15 12]] 
Move: 36 
[[ 1  2  3  4]
 [ 5  0  7  8]
 [ 9  6 10 11]
 [13 14 15 12]] 
Move: 37 
[[ 1  2  3  4]
 [ 5  6  7  8]
 [ 9  0 10 11]
 [13 14 15 12]] 
Move: 38 
[[ 1  2  3  4]
 [ 5  6  7  8]
 [ 9 10  0 11]
 [13 14 15 12]] 
Move: 39 
[[ 1  2  3  4]
 [ 5  6  7  8]
 [ 9 10 11  0]
 [13 14 15 12]] 
Move: 40 
[[ 1  2  3  4]
 [ 5  6  7  8]
 [ 9 10 11 12]
 [13 14 15  0]] 
Test 1, Total Step 40 
Used Time 0.303069 sec
Expanded 2765 nodes

15-Puzzle initial state:
[[ 1  7  8 10]
 [ 6  9 15 14]
 [13  3  0  4]
 [11  5 12  2]]

Move: 1 
[[ 1  7  8 10]
 [ 6  9  0 14]
 [13  3 15  4]
 [11  5 12  2]] 
Move: 2 
[[ 1  7  8 10]
 [ 6  9 14  0]
 [13  3 15  4]
 [11  5 12  2]] 
Move: 3 
[[ 1  7  8 10]
 [ 6  9 14  4]
 [13  3 15  0]
 [11  5 12  2]] 
Move: 4 
[[ 1  7  8 10]
 [ 6  9 14  4]
 [13  3 15  2]
 [11  5 12  0]] 
Move: 5 
[[ 1  7  8 10]
 [ 6  9 14  4]
 [13  3 15  2]
 [11  5  0 12]] 
Move: 6 
[[ 1  7  8 10]
 [ 6  9 14  4]
 [13  3  0  2]
 [11  5 15 12]] 
Move: 7 
[[ 1  7  8 10]
 [ 6  9  0  4]
 [13  3 14  2]
 [11  5 15 12]] 
Move: 8 
[[ 1  7  0 10]
 [ 6  9  8  4]
 [13  3 14  2]
 [11  5 15 12]] 
Move: 9 
[[ 1  7 10  0]
 [ 6  9  8  4]
 [13  3 14  2]
 [11  5 15 12]] 
Move: 10 
[[ 1  7 10  4]
 [ 6  9  8  0]
 [13  3 14  2]
 [11  5 15 12]] 
Move: 11 
[[ 1  7 10  4]
 [ 6  9  0  8]
 [13  3 14  2]
 [11  5 15 12]] 
Move: 12 
[[ 1  7 10  4]
 [ 6  0  9  8]
 [13  3 14  2]
 [11  5 15 12]] 
Move: 13 
[[ 1  7 10  4]
 [ 6  3  9  8]
 [13  0 14  2]
 [11  5 15 12]] 
Move: 14 
[[ 1  7 10  4]
 [ 6  3  9  8]
 [13  5 14  2]
 [11  0 15 12]] 
Move: 15 
[[ 1  7 10  4]
 [ 6  3  9  8]
 [13  5 14  2]
 [ 0 11 15 12]] 
Move: 16 
[[ 1  7 10  4]
 [ 6  3  9  8]
 [ 0  5 14  2]
 [13 11 15 12]] 
Move: 17 
[[ 1  7 10  4]
 [ 6  3  9  8]
 [ 5  0 14  2]
 [13 11 15 12]] 
Move: 18 
[[ 1  7 10  4]
 [ 6  3  9  8]
 [ 5 14  0  2]
 [13 11 15 12]] 
Move: 19 
[[ 1  7 10  4]
 [ 6  3  9  8]
 [ 5 14  2  0]
 [13 11 15 12]] 
Move: 20 
[[ 1  7 10  4]
 [ 6  3  9  8]
 [ 5 14  2 12]
 [13 11 15  0]] 
Move: 21 
[[ 1  7 10  4]
 [ 6  3  9  8]
 [ 5 14  2 12]
 [13 11  0 15]] 
Move: 22 
[[ 1  7 10  4]
 [ 6  3  9  8]
 [ 5 14  2 12]
 [13  0 11 15]] 
Move: 23 
[[ 1  7 10  4]
 [ 6  3  9  8]
 [ 5  0  2 12]
 [13 14 11 15]] 
Move: 24 
[[ 1  7 10  4]
 [ 6  3  9  8]
 [ 5  2  0 12]
 [13 14 11 15]] 
Move: 25 
[[ 1  7 10  4]
 [ 6  3  0  8]
 [ 5  2  9 12]
 [13 14 11 15]] 
Move: 26 
[[ 1  7  0  4]
 [ 6  3 10  8]
 [ 5  2  9 12]
 [13 14 11 15]] 
Move: 27 
[[ 1  0  7  4]
 [ 6  3 10  8]
 [ 5  2  9 12]
 [13 14 11 15]] 
Move: 28 
[[ 1  3  7  4]
 [ 6  0 10  8]
 [ 5  2  9 12]
 [13 14 11 15]] 
Move: 29 
[[ 1  3  7  4]
 [ 6  2 10  8]
 [ 5  0  9 12]
 [13 14 11 15]] 
Move: 30 
[[ 1  3  7  4]
 [ 6  2 10  8]
 [ 5  9  0 12]
 [13 14 11 15]] 
Move: 31 
[[ 1  3  7  4]
 [ 6  2  0  8]
 [ 5  9 10 12]
 [13 14 11 15]] 
Move: 32 
[[ 1  3  0  4]
 [ 6  2  7  8]
 [ 5  9 10 12]
 [13 14 11 15]] 
Move: 33 
[[ 1  0  3  4]
 [ 6  2  7  8]
 [ 5  9 10 12]
 [13 14 11 15]] 
Move: 34 
[[ 1  2  3  4]
 [ 6  0  7  8]
 [ 5  9 10 12]
 [13 14 11 15]] 
Move: 35 
[[ 1  2  3  4]
 [ 0  6  7  8]
 [ 5  9 10 12]
 [13 14 11 15]] 
Move: 36 
[[ 1  2  3  4]
 [ 5  6  7  8]
 [ 0  9 10 12]
 [13 14 11 15]] 
Move: 37 
[[ 1  2  3  4]
 [ 5  6  7  8]
 [ 9  0 10 12]
 [13 14 11 15]] 
Move: 38 
[[ 1  2  3  4]
 [ 5  6  7  8]
 [ 9 10  0 12]
 [13 14 11 15]] 
Move: 39 
[[ 1  2  3  4]
 [ 5  6  7  8]
 [ 9 10 11 12]
 [13 14  0 15]] 
Move: 40 
[[ 1  2  3  4]
 [ 5  6  7  8]
 [ 9 10 11 12]
 [13 14 15  0]] 
Test 2, Total Step 40 
Used Time 0.130206 sec
Expanded 4009 nodes

15-Puzzle initial state:
[[ 5  6  4 12]
 [11 14  9  1]
 [ 0  3  8 15]
 [10  7  2 13]]

Move: 1 
[[ 5  6  4 12]
 [ 0 14  9  1]
 [11  3  8 15]
 [10  7  2 13]] 
Move: 2 
[[ 5  6  4 12]
 [14  0  9  1]
 [11  3  8 15]
 [10  7  2 13]] 
Move: 3 
[[ 5  6  4 12]
 [14  9  0  1]
 [11  3  8 15]
 [10  7  2 13]] 
Move: 4 
[[ 5  6  4 12]
 [14  9  1  0]
 [11  3  8 15]
 [10  7  2 13]] 
Move: 5 
[[ 5  6  4  0]
 [14  9  1 12]
 [11  3  8 15]
 [10  7  2 13]] 
Move: 6 
[[ 5  6  0  4]
 [14  9  1 12]
 [11  3  8 15]
 [10  7  2 13]] 
Move: 7 
[[ 5  6  1  4]
 [14  9  0 12]
 [11  3  8 15]
 [10  7  2 13]] 
Move: 8 
[[ 5  6  1  4]
 [14  9  8 12]
 [11  3  0 15]
 [10  7  2 13]] 
Move: 9 
[[ 5  6  1  4]
 [14  9  8 12]
 [11  3  2 15]
 [10  7  0 13]] 
Move: 10 
[[ 5  6  1  4]
 [14  9  8 12]
 [11  3  2 15]
 [10  7 13  0]] 
Move: 11 
[[ 5  6  1  4]
 [14  9  8 12]
 [11  3  2  0]
 [10  7 13 15]] 
Move: 12 
[[ 5  6  1  4]
 [14  9  8  0]
 [11  3  2 12]
 [10  7 13 15]] 
Move: 13 
[[ 5  6  1  4]
 [14  9  0  8]
 [11  3  2 12]
 [10  7 13 15]] 
Move: 14 
[[ 5  6  1  4]
 [14  9  2  8]
 [11  3  0 12]
 [10  7 13 15]] 
Move: 15 
[[ 5  6  1  4]
 [14  9  2  8]
 [11  0  3 12]
 [10  7 13 15]] 
Move: 16 
[[ 5  6  1  4]
 [14  9  2  8]
 [ 0 11  3 12]
 [10  7 13 15]] 
Move: 17 
[[ 5  6  1  4]
 [ 0  9  2  8]
 [14 11  3 12]
 [10  7 13 15]] 
Move: 18 
[[ 5  6  1  4]
 [ 9  0  2  8]
 [14 11  3 12]
 [10  7 13 15]] 
Move: 19 
[[ 5  0  1  4]
 [ 9  6  2  8]
 [14 11  3 12]
 [10  7 13 15]] 
Move: 20 
[[ 5  1  0  4]
 [ 9  6  2  8]
 [14 11  3 12]
 [10  7 13 15]] 
Move: 21 
[[ 5  1  2  4]
 [ 9  6  0  8]
 [14 11  3 12]
 [10  7 13 15]] 
Move: 22 
[[ 5  1  2  4]
 [ 9  6  3  8]
 [14 11  0 12]
 [10  7 13 15]] 
Move: 23 
[[ 5  1  2  4]
 [ 9  6  3  8]
 [14  0 11 12]
 [10  7 13 15]] 
Move: 24 
[[ 5  1  2  4]
 [ 9  6  3  8]
 [14  7 11 12]
 [10  0 13 15]] 
Move: 25 
[[ 5  1  2  4]
 [ 9  6  3  8]
 [14  7 11 12]
 [10 13  0 15]] 
Move: 26 
[[ 5  1  2  4]
 [ 9  6  3  8]
 [14  7  0 12]
 [10 13 11 15]] 
Move: 27 
[[ 5  1  2  4]
 [ 9  6  3  8]
 [14  0  7 12]
 [10 13 11 15]] 
Move: 28 
[[ 5  1  2  4]
 [ 9  6  3  8]
 [ 0 14  7 12]
 [10 13 11 15]] 
Move: 29 
[[ 5  1  2  4]
 [ 9  6  3  8]
 [10 14  7 12]
 [ 0 13 11 15]] 
Move: 30 
[[ 5  1  2  4]
 [ 9  6  3  8]
 [10 14  7 12]
 [13  0 11 15]] 
Move: 31 
[[ 5  1  2  4]
 [ 9  6  3  8]
 [10  0  7 12]
 [13 14 11 15]] 
Move: 32 
[[ 5  1  2  4]
 [ 9  6  3  8]
 [ 0 10  7 12]
 [13 14 11 15]] 
Move: 33 
[[ 5  1  2  4]
 [ 0  6  3  8]
 [ 9 10  7 12]
 [13 14 11 15]] 
Move: 34 
[[ 0  1  2  4]
 [ 5  6  3  8]
 [ 9 10  7 12]
 [13 14 11 15]] 
Move: 35 
[[ 1  0  2  4]
 [ 5  6  3  8]
 [ 9 10  7 12]
 [13 14 11 15]] 
Move: 36 
[[ 1  2  0  4]
 [ 5  6  3  8]
 [ 9 10  7 12]
 [13 14 11 15]] 
Move: 37 
[[ 1  2  3  4]
 [ 5  6  0  8]
 [ 9 10  7 12]
 [13 14 11 15]] 
Move: 38 
[[ 1  2  3  4]
 [ 5  6  7  8]
 [ 9 10  0 12]
 [13 14 11 15]] 
Move: 39 
[[ 1  2  3  4]
 [ 5  6  7  8]
 [ 9 10 11 12]
 [13 14  0 15]] 
Move: 40 
[[ 1  2  3  4]
 [ 5  6  7  8]
 [ 9 10 11 12]
 [13 14 15  0]] 
Test 3, Total Step 40 
Used Time 0.089238 sec
Expanded 575 nodes

15-Puzzle initial state:
[[14  2  8  1]
 [ 7 10  4  0]
 [ 6 15 11  5]
 [ 9  3 13 12]]

Move: 1 
[[14  2  8  0]
 [ 7 10  4  1]
 [ 6 15 11  5]
 [ 9  3 13 12]] 
Move: 2 
[[14  2  0  8]
 [ 7 10  4  1]
 [ 6 15 11  5]
 [ 9  3 13 12]] 
Move: 3 
[[14  2  4  8]
 [ 7 10  0  1]
 [ 6 15 11  5]
 [ 9  3 13 12]] 
Move: 4 
[[14  2  4  8]
 [ 7 10  1  0]
 [ 6 15 11  5]
 [ 9  3 13 12]] 
Move: 5 
[[14  2  4  8]
 [ 7 10  1  5]
 [ 6 15 11  0]
 [ 9  3 13 12]] 
Move: 6 
[[14  2  4  8]
 [ 7 10  1  5]
 [ 6 15  0 11]
 [ 9  3 13 12]] 
Move: 7 
[[14  2  4  8]
 [ 7 10  1  5]
 [ 6  0 15 11]
 [ 9  3 13 12]] 
Move: 8 
[[14  2  4  8]
 [ 7 10  1  5]
 [ 6  3 15 11]
 [ 9  0 13 12]] 
Move: 9 
[[14  2  4  8]
 [ 7 10  1  5]
 [ 6  3 15 11]
 [ 9 13  0 12]] 
Move: 10 
[[14  2  4  8]
 [ 7 10  1  5]
 [ 6  3  0 11]
 [ 9 13 15 12]] 
Move: 11 
[[14  2  4  8]
 [ 7 10  1  5]
 [ 6  0  3 11]
 [ 9 13 15 12]] 
Move: 12 
[[14  2  4  8]
 [ 7  0  1  5]
 [ 6 10  3 11]
 [ 9 13 15 12]] 
Move: 13 
[[14  2  4  8]
 [ 7  1  0  5]
 [ 6 10  3 11]
 [ 9 13 15 12]] 
Move: 14 
[[14  2  4  8]
 [ 7  1  5  0]
 [ 6 10  3 11]
 [ 9 13 15 12]] 
Move: 15 
[[14  2  4  0]
 [ 7  1  5  8]
 [ 6 10  3 11]
 [ 9 13 15 12]] 
Move: 16 
[[14  2  0  4]
 [ 7  1  5  8]
 [ 6 10  3 11]
 [ 9 13 15 12]] 
Move: 17 
[[14  0  2  4]
 [ 7  1  5  8]
 [ 6 10  3 11]
 [ 9 13 15 12]] 
Move: 18 
[[14  1  2  4]
 [ 7  0  5  8]
 [ 6 10  3 11]
 [ 9 13 15 12]] 
Move: 19 
[[14  1  2  4]
 [ 0  7  5  8]
 [ 6 10  3 11]
 [ 9 13 15 12]] 
Move: 20 
[[ 0  1  2  4]
 [14  7  5  8]
 [ 6 10  3 11]
 [ 9 13 15 12]] 
Move: 21 
[[ 1  0  2  4]
 [14  7  5  8]
 [ 6 10  3 11]
 [ 9 13 15 12]] 
Move: 22 
[[ 1  7  2  4]
 [14  0  5  8]
 [ 6 10  3 11]
 [ 9 13 15 12]] 
Move: 23 
[[ 1  7  2  4]
 [14  5  0  8]
 [ 6 10  3 11]
 [ 9 13 15 12]] 
Move: 24 
[[ 1  7  2  4]
 [14  5  3  8]
 [ 6 10  0 11]
 [ 9 13 15 12]] 
Move: 25 
[[ 1  7  2  4]
 [14  5  3  8]
 [ 6  0 10 11]
 [ 9 13 15 12]] 
Move: 26 
[[ 1  7  2  4]
 [14  5  3  8]
 [ 0  6 10 11]
 [ 9 13 15 12]] 
Move: 27 
[[ 1  7  2  4]
 [ 0  5  3  8]
 [14  6 10 11]
 [ 9 13 15 12]] 
Move: 28 
[[ 1  7  2  4]
 [ 5  0  3  8]
 [14  6 10 11]
 [ 9 13 15 12]] 
Move: 29 
[[ 1  0  2  4]
 [ 5  7  3  8]
 [14  6 10 11]
 [ 9 13 15 12]] 
Move: 30 
[[ 1  2  0  4]
 [ 5  7  3  8]
 [14  6 10 11]
 [ 9 13 15 12]] 
Move: 31 
[[ 1  2  3  4]
 [ 5  7  0  8]
 [14  6 10 11]
 [ 9 13 15 12]] 
Move: 32 
[[ 1  2  3  4]
 [ 5  0  7  8]
 [14  6 10 11]
 [ 9 13 15 12]] 
Move: 33 
[[ 1  2  3  4]
 [ 5  6  7  8]
 [14  0 10 11]
 [ 9 13 15 12]] 
Move: 34 
[[ 1  2  3  4]
 [ 5  6  7  8]
 [ 0 14 10 11]
 [ 9 13 15 12]] 
Move: 35 
[[ 1  2  3  4]
 [ 5  6  7  8]
 [ 9 14 10 11]
 [ 0 13 15 12]] 
Move: 36 
[[ 1  2  3  4]
 [ 5  6  7  8]
 [ 9 14 10 11]
 [13  0 15 12]] 
Move: 37 
[[ 1  2  3  4]
 [ 5  6  7  8]
 [ 9  0 10 11]
 [13 14 15 12]] 
Move: 38 
[[ 1  2  3  4]
 [ 5  6  7  8]
 [ 9 10  0 11]
 [13 14 15 12]] 
Move: 39 
[[ 1  2  3  4]
 [ 5  6  7  8]
 [ 9 10 11  0]
 [13 14 15 12]] 
Move: 40 
[[ 1  2  3  4]
 [ 5  6  7  8]
 [ 9 10 11 12]
 [13 14 15  0]] 
Test 4, Total Step 40 
Used Time 0.985068 sec
Expanded 15017 nodes

