15-Puzzle initial state:
[[11  3  1  7]
 [ 4  6  8  2]
 [15  9 10 13]
 [14 12  5  0]]

Move: 1 
[[11  3  1  7]
 [ 4  6  8  2]
 [15  9 10 13]
 [14 12  0  5]] 
Move: 2 
[[11  3  1  7]
 [ 4  6  8  2]
 [15  9 10 13]
 [14  0 12  5]] 
Move: 3 
[[11  3  1  7]
 [ 4  6  8  2]
 [15  0 10 13]
 [14  9 12  5]] 
Move: 4 
[[11  3  1  7]
 [ 4  6  8  2]
 [15 10  0 13]
 [14  9 12  5]] 
Move: 5 
[[11  3  1  7]
 [ 4  6  8  2]
 [15 10 13  0]
 [14  9 12  5]] 
Move: 6 
[[11  3  1  7]
 [ 4  6  8  2]
 [15 10 13  5]
 [14  9 12  0]] 
Move: 7 
[[11  3  1  7]
 [ 4  6  8  2]
 [15 10 13  5]
 [14  9  0 12]] 
Move: 8 
[[11  3  1  7]
 [ 4  6  8  2]
 [15 10  0  5]
 [14  9 13 12]] 
Move: 9 
[[11  3  1  7]
 [ 4  6  0  2]
 [15 10  8  5]
 [14  9 13 12]] 
Move: 10 
[[11  3  1  7]
 [ 4  6  2  0]
 [15 10  8  5]
 [14  9 13 12]] 
Move: 11 
[[11  3  1  7]
 [ 4  6  2  5]
 [15 10  8  0]
 [14  9 13 12]] 
Move: 12 
[[11  3  1  7]
 [ 4  6  2  5]
 [15 10  0  8]
 [14  9 13 12]] 
Move: 13 
[[11  3  1  7]
 [ 4  6  2  5]
 [15  0 10  8]
 [14  9 13 12]] 
Move: 14 
[[11  3  1  7]
 [ 4  0  2  5]
 [15  6 10  8]
 [14  9 13 12]] 
Move: 15 
[[11  0  1  7]
 [ 4  3  2  5]
 [15  6 10  8]
 [14  9 13 12]] 
Move: 16 
[[11  1  0  7]
 [ 4  3  2  5]
 [15  6 10  8]
 [14  9 13 12]] 
Move: 17 
[[11  1  2  7]
 [ 4  3  0  5]
 [15  6 10  8]
 [14  9 13 12]] 
Move: 18 
[[11  1  2  7]
 [ 4  0  3  5]
 [15  6 10  8]
 [14  9 13 12]] 
Move: 19 
[[11  1  2  7]
 [ 0  4  3  5]
 [15  6 10  8]
 [14  9 13 12]] 
Move: 20 
[[ 0  1  2  7]
 [11  4  3  5]
 [15  6 10  8]
 [14  9 13 12]] 
Move: 21 
[[ 1  0  2  7]
 [11  4  3  5]
 [15  6 10  8]
 [14  9 13 12]] 
Move: 22 
[[ 1  2  0  7]
 [11  4  3  5]
 [15  6 10  8]
 [14  9 13 12]] 
Move: 23 
[[ 1  2  3  7]
 [11  4  0  5]
 [15  6 10  8]
 [14  9 13 12]] 
Move: 24 
[[ 1  2  3  7]
 [11  0  4  5]
 [15  6 10  8]
 [14  9 13 12]] 
Move: 25 
[[ 1  0  3  7]
 [11  2  4  5]
 [15  6 10  8]
 [14  9 13 12]] 
Move: 26 
[[ 1  3  0  7]
 [11  2  4  5]
 [15  6 10  8]
 [14  9 13 12]] 
Move: 27 
[[ 1  3  4  7]
 [11  2  0  5]
 [15  6 10  8]
 [14  9 13 12]] 
Move: 28 
[[ 1  3  4  7]
 [11  2  5  0]
 [15  6 10  8]
 [14  9 13 12]] 
Move: 29 
[[ 1  3  4  0]
 [11  2  5  7]
 [15  6 10  8]
 [14  9 13 12]] 
Move: 30 
[[ 1  3  0  4]
 [11  2  5  7]
 [15  6 10  8]
 [14  9 13 12]] 
Move: 31 
[[ 1  0  3  4]
 [11  2  5  7]
 [15  6 10  8]
 [14  9 13 12]] 
Move: 32 
[[ 1  2  3  4]
 [11  0  5  7]
 [15  6 10  8]
 [14  9 13 12]] 
Move: 33 
[[ 1  2  3  4]
 [11  5  0  7]
 [15  6 10  8]
 [14  9 13 12]] 
Move: 34 
[[ 1  2  3  4]
 [11  5 10  7]
 [15  6  0  8]
 [14  9 13 12]] 
Move: 35 
[[ 1  2  3  4]
 [11  5 10  7]
 [15  0  6  8]
 [14  9 13 12]] 
Move: 36 
[[ 1  2  3  4]
 [11  5 10  7]
 [ 0 15  6  8]
 [14  9 13 12]] 
Move: 37 
[[ 1  2  3  4]
 [ 0  5 10  7]
 [11 15  6  8]
 [14  9 13 12]] 
Move: 38 
[[ 1  2  3  4]
 [ 5  0 10  7]
 [11 15  6  8]
 [14  9 13 12]] 
Move: 39 
[[ 1  2  3  4]
 [ 5 10  0  7]
 [11 15  6  8]
 [14  9 13 12]] 
Move: 40 
[[ 1  2  3  4]
 [ 5 10  6  7]
 [11 15  0  8]
 [14  9 13 12]] 
Move: 41 
[[ 1  2  3  4]
 [ 5 10  6  7]
 [11  0 15  8]
 [14  9 13 12]] 
Move: 42 
[[ 1  2  3  4]
 [ 5 10  6  7]
 [ 0 11 15  8]
 [14  9 13 12]] 
Move: 43 
[[ 1  2  3  4]
 [ 5 10  6  7]
 [14 11 15  8]
 [ 0  9 13 12]] 
Move: 44 
[[ 1  2  3  4]
 [ 5 10  6  7]
 [14 11 15  8]
 [ 9  0 13 12]] 
Move: 45 
[[ 1  2  3  4]
 [ 5 10  6  7]
 [14 11 15  8]
 [ 9 13  0 12]] 
Move: 46 
[[ 1  2  3  4]
 [ 5 10  6  7]
 [14 11  0  8]
 [ 9 13 15 12]] 
Move: 47 
[[ 1  2  3  4]
 [ 5 10  6  7]
 [14  0 11  8]
 [ 9 13 15 12]] 
Move: 48 
[[ 1  2  3  4]
 [ 5 10  6  7]
 [ 0 14 11  8]
 [ 9 13 15 12]] 
Move: 49 
[[ 1  2  3  4]
 [ 5 10  6  7]
 [ 9 14 11  8]
 [ 0 13 15 12]] 
Move: 50 
[[ 1  2  3  4]
 [ 5 10  6  7]
 [ 9 14 11  8]
 [13  0 15 12]] 
Move: 51 
[[ 1  2  3  4]
 [ 5 10  6  7]
 [ 9  0 11  8]
 [13 14 15 12]] 
Move: 52 
[[ 1  2  3  4]
 [ 5  0  6  7]
 [ 9 10 11  8]
 [13 14 15 12]] 
Move: 53 
[[ 1  2  3  4]
 [ 5  6  0  7]
 [ 9 10 11  8]
 [13 14 15 12]] 
Move: 54 
[[ 1  2  3  4]
 [ 5  6  7  0]
 [ 9 10 11  8]
 [13 14 15 12]] 
Move: 55 
[[ 1  2  3  4]
 [ 5  6  7  8]
 [ 9 10 11  0]
 [13 14 15 12]] 
Move: 56 
[[ 1  2  3  4]
 [ 5  6  7  8]
 [ 9 10 11 12]
 [13 14 15  0]] 
Test 1, Total Step 56 
Used Time 2271.522129 sec
Expanded 18113640 nodes

15-Puzzle initial state:
[[14 10  6  0]
 [ 4  9  1  8]
 [ 2  3  5 11]
 [12 13  7 15]]

Move: 1 
[[14 10  0  6]
 [ 4  9  1  8]
 [ 2  3  5 11]
 [12 13  7 15]] 
Move: 2 
[[14  0 10  6]
 [ 4  9  1  8]
 [ 2  3  5 11]
 [12 13  7 15]] 
Move: 3 
[[14  9 10  6]
 [ 4  0  1  8]
 [ 2  3  5 11]
 [12 13  7 15]] 
Move: 4 
[[14  9 10  6]
 [ 0  4  1  8]
 [ 2  3  5 11]
 [12 13  7 15]] 
Move: 5 
[[ 0  9 10  6]
 [14  4  1  8]
 [ 2  3  5 11]
 [12 13  7 15]] 
Move: 6 
[[ 9  0 10  6]
 [14  4  1  8]
 [ 2  3  5 11]
 [12 13  7 15]] 
Move: 7 
[[ 9 10  0  6]
 [14  4  1  8]
 [ 2  3  5 11]
 [12 13  7 15]] 
Move: 8 
[[ 9 10  1  6]
 [14  4  0  8]
 [ 2  3  5 11]
 [12 13  7 15]] 
Move: 9 
[[ 9 10  1  6]
 [14  0  4  8]
 [ 2  3  5 11]
 [12 13  7 15]] 
Move: 10 
[[ 9  0  1  6]
 [14 10  4  8]
 [ 2  3  5 11]
 [12 13  7 15]] 
Move: 11 
[[ 9  1  0  6]
 [14 10  4  8]
 [ 2  3  5 11]
 [12 13  7 15]] 
Move: 12 
[[ 9  1  4  6]
 [14 10  0  8]
 [ 2  3  5 11]
 [12 13  7 15]] 
Move: 13 
[[ 9  1  4  6]
 [14  0 10  8]
 [ 2  3  5 11]
 [12 13  7 15]] 
Move: 14 
[[ 9  1  4  6]
 [14  3 10  8]
 [ 2  0  5 11]
 [12 13  7 15]] 
Move: 15 
[[ 9  1  4  6]
 [14  3 10  8]
 [ 0  2  5 11]
 [12 13  7 15]] 
Move: 16 
[[ 9  1  4  6]
 [ 0  3 10  8]
 [14  2  5 11]
 [12 13  7 15]] 
Move: 17 
[[ 0  1  4  6]
 [ 9  3 10  8]
 [14  2  5 11]
 [12 13  7 15]] 
Move: 18 
[[ 1  0  4  6]
 [ 9  3 10  8]
 [14  2  5 11]
 [12 13  7 15]] 
Move: 19 
[[ 1  3  4  6]
 [ 9  0 10  8]
 [14  2  5 11]
 [12 13  7 15]] 
Move: 20 
[[ 1  3  4  6]
 [ 9  2 10  8]
 [14  0  5 11]
 [12 13  7 15]] 
Move: 21 
[[ 1  3  4  6]
 [ 9  2 10  8]
 [14  5  0 11]
 [12 13  7 15]] 
Move: 22 
[[ 1  3  4  6]
 [ 9  2 10  8]
 [14  5 11  0]
 [12 13  7 15]] 
Move: 23 
[[ 1  3  4  6]
 [ 9  2 10  0]
 [14  5 11  8]
 [12 13  7 15]] 
Move: 24 
[[ 1  3  4  0]
 [ 9  2 10  6]
 [14  5 11  8]
 [12 13  7 15]] 
Move: 25 
[[ 1  3  0  4]
 [ 9  2 10  6]
 [14  5 11  8]
 [12 13  7 15]] 
Move: 26 
[[ 1  0  3  4]
 [ 9  2 10  6]
 [14  5 11  8]
 [12 13  7 15]] 
Move: 27 
[[ 1  2  3  4]
 [ 9  0 10  6]
 [14  5 11  8]
 [12 13  7 15]] 
Move: 28 
[[ 1  2  3  4]
 [ 9  5 10  6]
 [14  0 11  8]
 [12 13  7 15]] 
Move: 29 
[[ 1  2  3  4]
 [ 9  5 10  6]
 [ 0 14 11  8]
 [12 13  7 15]] 
Move: 30 
[[ 1  2  3  4]
 [ 9  5 10  6]
 [12 14 11  8]
 [ 0 13  7 15]] 
Move: 31 
[[ 1  2  3  4]
 [ 9  5 10  6]
 [12 14 11  8]
 [13  0  7 15]] 
Move: 32 
[[ 1  2  3  4]
 [ 9  5 10  6]
 [12  0 11  8]
 [13 14  7 15]] 
Move: 33 
[[ 1  2  3  4]
 [ 9  5 10  6]
 [ 0 12 11  8]
 [13 14  7 15]] 
Move: 34 
[[ 1  2  3  4]
 [ 0  5 10  6]
 [ 9 12 11  8]
 [13 14  7 15]] 
Move: 35 
[[ 1  2  3  4]
 [ 5  0 10  6]
 [ 9 12 11  8]
 [13 14  7 15]] 
Move: 36 
[[ 1  2  3  4]
 [ 5 10  0  6]
 [ 9 12 11  8]
 [13 14  7 15]] 
Move: 37 
[[ 1  2  3  4]
 [ 5 10  6  0]
 [ 9 12 11  8]
 [13 14  7 15]] 
Move: 38 
[[ 1  2  3  4]
 [ 5 10  6  8]
 [ 9 12 11  0]
 [13 14  7 15]] 
Move: 39 
[[ 1  2  3  4]
 [ 5 10  6  8]
 [ 9 12  0 11]
 [13 14  7 15]] 
Move: 40 
[[ 1  2  3  4]
 [ 5 10  6  8]
 [ 9  0 12 11]
 [13 14  7 15]] 
Move: 41 
[[ 1  2  3  4]
 [ 5  0  6  8]
 [ 9 10 12 11]
 [13 14  7 15]] 
Move: 42 
[[ 1  2  3  4]
 [ 5  6  0  8]
 [ 9 10 12 11]
 [13 14  7 15]] 
Move: 43 
[[ 1  2  3  4]
 [ 5  6  8  0]
 [ 9 10 12 11]
 [13 14  7 15]] 
Move: 44 
[[ 1  2  3  4]
 [ 5  6  8 11]
 [ 9 10 12  0]
 [13 14  7 15]] 
Move: 45 
[[ 1  2  3  4]
 [ 5  6  8 11]
 [ 9 10  0 12]
 [13 14  7 15]] 
Move: 46 
[[ 1  2  3  4]
 [ 5  6  8 11]
 [ 9 10  7 12]
 [13 14  0 15]] 
Move: 47 
[[ 1  2  3  4]
 [ 5  6  8 11]
 [ 9 10  7 12]
 [13 14 15  0]] 
Move: 48 
[[ 1  2  3  4]
 [ 5  6  8 11]
 [ 9 10  7  0]
 [13 14 15 12]] 
Move: 49 
[[ 1  2  3  4]
 [ 5  6  8  0]
 [ 9 10  7 11]
 [13 14 15 12]] 
Move: 50 
[[ 1  2  3  4]
 [ 5  6  0  8]
 [ 9 10  7 11]
 [13 14 15 12]] 
Move: 51 
[[ 1  2  3  4]
 [ 5  6  7  8]
 [ 9 10  0 11]
 [13 14 15 12]] 
Move: 52 
[[ 1  2  3  4]
 [ 5  6  7  8]
 [ 9 10 11  0]
 [13 14 15 12]] 
Move: 53 
[[ 1  2  3  4]
 [ 5  6  7  8]
 [ 9 10 11 12]
 [13 14 15  0]] 
Test 2, Total Step 53 
Used Time 511.812972 sec
Expanded 22587975 nodes

15-Puzzle initial state:
[[ 0  5 15 14]
 [ 7  9  6 13]
 [ 1  2 12 10]
 [ 8 11  4  3]]

Move: 1 
[[ 7  5 15 14]
 [ 0  9  6 13]
 [ 1  2 12 10]
 [ 8 11  4  3]] 
Move: 2 
[[ 7  5 15 14]
 [ 9  0  6 13]
 [ 1  2 12 10]
 [ 8 11  4  3]] 
Move: 3 
[[ 7  5 15 14]
 [ 9  2  6 13]
 [ 1  0 12 10]
 [ 8 11  4  3]] 
Move: 4 
[[ 7  5 15 14]
 [ 9  2  6 13]
 [ 1 12  0 10]
 [ 8 11  4  3]] 
Move: 5 
[[ 7  5 15 14]
 [ 9  2  6 13]
 [ 1 12 10  0]
 [ 8 11  4  3]] 
Move: 6 
[[ 7  5 15 14]
 [ 9  2  6  0]
 [ 1 12 10 13]
 [ 8 11  4  3]] 
Move: 7 
[[ 7  5 15 14]
 [ 9  2  0  6]
 [ 1 12 10 13]
 [ 8 11  4  3]] 
Move: 8 
[[ 7  5 15 14]
 [ 9  2 10  6]
 [ 1 12  0 13]
 [ 8 11  4  3]] 
Move: 9 
[[ 7  5 15 14]
 [ 9  2 10  6]
 [ 1 12 13  0]
 [ 8 11  4  3]] 
Move: 10 
[[ 7  5 15 14]
 [ 9  2 10  6]
 [ 1 12 13  3]
 [ 8 11  4  0]] 
Move: 11 
[[ 7  5 15 14]
 [ 9  2 10  6]
 [ 1 12 13  3]
 [ 8 11  0  4]] 
Move: 12 
[[ 7  5 15 14]
 [ 9  2 10  6]
 [ 1 12  0  3]
 [ 8 11 13  4]] 
Move: 13 
[[ 7  5 15 14]
 [ 9  2 10  6]
 [ 1  0 12  3]
 [ 8 11 13  4]] 
Move: 14 
[[ 7  5 15 14]
 [ 9  2 10  6]
 [ 0  1 12  3]
 [ 8 11 13  4]] 
Move: 15 
[[ 7  5 15 14]
 [ 9  2 10  6]
 [ 8  1 12  3]
 [ 0 11 13  4]] 
Move: 16 
[[ 7  5 15 14]
 [ 9  2 10  6]
 [ 8  1 12  3]
 [11  0 13  4]] 
Move: 17 
[[ 7  5 15 14]
 [ 9  2 10  6]
 [ 8  1 12  3]
 [11 13  0  4]] 
Move: 18 
[[ 7  5 15 14]
 [ 9  2 10  6]
 [ 8  1  0  3]
 [11 13 12  4]] 
Move: 19 
[[ 7  5 15 14]
 [ 9  2  0  6]
 [ 8  1 10  3]
 [11 13 12  4]] 
Move: 20 
[[ 7  5  0 14]
 [ 9  2 15  6]
 [ 8  1 10  3]
 [11 13 12  4]] 
Move: 21 
[[ 7  5 14  0]
 [ 9  2 15  6]
 [ 8  1 10  3]
 [11 13 12  4]] 
Move: 22 
[[ 7  5 14  6]
 [ 9  2 15  0]
 [ 8  1 10  3]
 [11 13 12  4]] 
Move: 23 
[[ 7  5 14  6]
 [ 9  2 15  3]
 [ 8  1 10  0]
 [11 13 12  4]] 
Move: 24 
[[ 7  5 14  6]
 [ 9  2 15  3]
 [ 8  1 10  4]
 [11 13 12  0]] 
Move: 25 
[[ 7  5 14  6]
 [ 9  2 15  3]
 [ 8  1 10  4]
 [11 13  0 12]] 
Move: 26 
[[ 7  5 14  6]
 [ 9  2 15  3]
 [ 8  1  0  4]
 [11 13 10 12]] 
Move: 27 
[[ 7  5 14  6]
 [ 9  2  0  3]
 [ 8  1 15  4]
 [11 13 10 12]] 
Move: 28 
[[ 7  5 14  6]
 [ 9  0  2  3]
 [ 8  1 15  4]
 [11 13 10 12]] 
Move: 29 
[[ 7  5 14  6]
 [ 9  1  2  3]
 [ 8  0 15  4]
 [11 13 10 12]] 
Move: 30 
[[ 7  5 14  6]
 [ 9  1  2  3]
 [ 0  8 15  4]
 [11 13 10 12]] 
Move: 31 
[[ 7  5 14  6]
 [ 9  1  2  3]
 [11  8 15  4]
 [ 0 13 10 12]] 
Move: 32 
[[ 7  5 14  6]
 [ 9  1  2  3]
 [11  8 15  4]
 [13  0 10 12]] 
Move: 33 
[[ 7  5 14  6]
 [ 9  1  2  3]
 [11  8 15  4]
 [13 10  0 12]] 
Move: 34 
[[ 7  5 14  6]
 [ 9  1  2  3]
 [11  8  0  4]
 [13 10 15 12]] 
Move: 35 
[[ 7  5 14  6]
 [ 9  1  2  3]
 [11  0  8  4]
 [13 10 15 12]] 
Move: 36 
[[ 7  5 14  6]
 [ 9  1  2  3]
 [ 0 11  8  4]
 [13 10 15 12]] 
Move: 37 
[[ 7  5 14  6]
 [ 0  1  2  3]
 [ 9 11  8  4]
 [13 10 15 12]] 
Move: 38 
[[ 7  5 14  6]
 [ 1  0  2  3]
 [ 9 11  8  4]
 [13 10 15 12]] 
Move: 39 
[[ 7  0 14  6]
 [ 1  5  2  3]
 [ 9 11  8  4]
 [13 10 15 12]] 
Move: 40 
[[ 0  7 14  6]
 [ 1  5  2  3]
 [ 9 11  8  4]
 [13 10 15 12]] 
Move: 41 
[[ 1  7 14  6]
 [ 0  5  2  3]
 [ 9 11  8  4]
 [13 10 15 12]] 
Move: 42 
[[ 1  7 14  6]
 [ 5  0  2  3]
 [ 9 11  8  4]
 [13 10 15 12]] 
Move: 43 
[[ 1  7 14  6]
 [ 5  2  0  3]
 [ 9 11  8  4]
 [13 10 15 12]] 
Move: 44 
[[ 1  7  0  6]
 [ 5  2 14  3]
 [ 9 11  8  4]
 [13 10 15 12]] 
Move: 45 
[[ 1  7  6  0]
 [ 5  2 14  3]
 [ 9 11  8  4]
 [13 10 15 12]] 
Move: 46 
[[ 1  7  6  3]
 [ 5  2 14  0]
 [ 9 11  8  4]
 [13 10 15 12]] 
Move: 47 
[[ 1  7  6  3]
 [ 5  2 14  4]
 [ 9 11  8  0]
 [13 10 15 12]] 
Move: 48 
[[ 1  7  6  3]
 [ 5  2 14  4]
 [ 9 11  0  8]
 [13 10 15 12]] 
Move: 49 
[[ 1  7  6  3]
 [ 5  2  0  4]
 [ 9 11 14  8]
 [13 10 15 12]] 
Move: 50 
[[ 1  7  0  3]
 [ 5  2  6  4]
 [ 9 11 14  8]
 [13 10 15 12]] 
Move: 51 
[[ 1  0  7  3]
 [ 5  2  6  4]
 [ 9 11 14  8]
 [13 10 15 12]] 
Move: 52 
[[ 1  2  7  3]
 [ 5  0  6  4]
 [ 9 11 14  8]
 [13 10 15 12]] 
Move: 53 
[[ 1  2  7  3]
 [ 5  6  0  4]
 [ 9 11 14  8]
 [13 10 15 12]] 
Move: 54 
[[ 1  2  0  3]
 [ 5  6  7  4]
 [ 9 11 14  8]
 [13 10 15 12]] 
Move: 55 
[[ 1  2  3  0]
 [ 5  6  7  4]
 [ 9 11 14  8]
 [13 10 15 12]] 
Move: 56 
[[ 1  2  3  4]
 [ 5  6  7  0]
 [ 9 11 14  8]
 [13 10 15 12]] 
Move: 57 
[[ 1  2  3  4]
 [ 5  6  7  8]
 [ 9 11 14  0]
 [13 10 15 12]] 
Move: 58 
[[ 1  2  3  4]
 [ 5  6  7  8]
 [ 9 11 14 12]
 [13 10 15  0]] 
Move: 59 
[[ 1  2  3  4]
 [ 5  6  7  8]
 [ 9 11 14 12]
 [13 10  0 15]] 
Move: 60 
[[ 1  2  3  4]
 [ 5  6  7  8]
 [ 9 11  0 12]
 [13 10 14 15]] 
Move: 61 
[[ 1  2  3  4]
 [ 5  6  7  8]
 [ 9  0 11 12]
 [13 10 14 15]] 
Move: 62 
[[ 1  2  3  4]
 [ 5  6  7  8]
 [ 9 10 11 12]
 [13  0 14 15]] 
Move: 63 
[[ 1  2  3  4]
 [ 5  6  7  8]
 [ 9 10 11 12]
 [13 14  0 15]] 
Move: 64 
[[ 1  2  3  4]
 [ 5  6  7  8]
 [ 9 10 11 12]
 [13 14 15  0]] 
Test 3, Total Step 64 
Used Time 13271.092952 sec
Expanded 124070829 nodes

15-Puzzle initial state:
[[ 6 10  3 15]
 [14  8  7 11]
 [ 5  1  0  2]
 [13 12  9  4]]

Move: 1 
[[ 6 10  3 15]
 [14  8  7 11]
 [ 5  1  9  2]
 [13 12  0  4]] 
Move: 2 
[[ 6 10  3 15]
 [14  8  7 11]
 [ 5  1  9  2]
 [13  0 12  4]] 
Move: 3 
[[ 6 10  3 15]
 [14  8  7 11]
 [ 5  1  9  2]
 [ 0 13 12  4]] 
Move: 4 
[[ 6 10  3 15]
 [14  8  7 11]
 [ 0  1  9  2]
 [ 5 13 12  4]] 
Move: 5 
[[ 6 10  3 15]
 [14  8  7 11]
 [ 1  0  9  2]
 [ 5 13 12  4]] 
Move: 6 
[[ 6 10  3 15]
 [14  8  7 11]
 [ 1  9  0  2]
 [ 5 13 12  4]] 
Move: 7 
[[ 6 10  3 15]
 [14  8  0 11]
 [ 1  9  7  2]
 [ 5 13 12  4]] 
Move: 8 
[[ 6 10  3 15]
 [14  8 11  0]
 [ 1  9  7  2]
 [ 5 13 12  4]] 
Move: 9 
[[ 6 10  3 15]
 [14  8 11  2]
 [ 1  9  7  0]
 [ 5 13 12  4]] 
Move: 10 
[[ 6 10  3 15]
 [14  8 11  2]
 [ 1  9  7  4]
 [ 5 13 12  0]] 
Move: 11 
[[ 6 10  3 15]
 [14  8 11  2]
 [ 1  9  7  4]
 [ 5 13  0 12]] 
Move: 12 
[[ 6 10  3 15]
 [14  8 11  2]
 [ 1  9  7  4]
 [ 5  0 13 12]] 
Move: 13 
[[ 6 10  3 15]
 [14  8 11  2]
 [ 1  0  7  4]
 [ 5  9 13 12]] 
Move: 14 
[[ 6 10  3 15]
 [14  8 11  2]
 [ 1  7  0  4]
 [ 5  9 13 12]] 
Move: 15 
[[ 6 10  3 15]
 [14  8  0  2]
 [ 1  7 11  4]
 [ 5  9 13 12]] 
Move: 16 
[[ 6 10  3 15]
 [14  8  2  0]
 [ 1  7 11  4]
 [ 5  9 13 12]] 
Move: 17 
[[ 6 10  3  0]
 [14  8  2 15]
 [ 1  7 11  4]
 [ 5  9 13 12]] 
Move: 18 
[[ 6 10  0  3]
 [14  8  2 15]
 [ 1  7 11  4]
 [ 5  9 13 12]] 
Move: 19 
[[ 6 10  2  3]
 [14  8  0 15]
 [ 1  7 11  4]
 [ 5  9 13 12]] 
Move: 20 
[[ 6 10  2  3]
 [14  8 15  0]
 [ 1  7 11  4]
 [ 5  9 13 12]] 
Move: 21 
[[ 6 10  2  3]
 [14  8 15  4]
 [ 1  7 11  0]
 [ 5  9 13 12]] 
Move: 22 
[[ 6 10  2  3]
 [14  8 15  4]
 [ 1  7  0 11]
 [ 5  9 13 12]] 
Move: 23 
[[ 6 10  2  3]
 [14  8  0  4]
 [ 1  7 15 11]
 [ 5  9 13 12]] 
Move: 24 
[[ 6 10  2  3]
 [14  0  8  4]
 [ 1  7 15 11]
 [ 5  9 13 12]] 
Move: 25 
[[ 6 10  2  3]
 [ 0 14  8  4]
 [ 1  7 15 11]
 [ 5  9 13 12]] 
Move: 26 
[[ 6 10  2  3]
 [ 1 14  8  4]
 [ 0  7 15 11]
 [ 5  9 13 12]] 
Move: 27 
[[ 6 10  2  3]
 [ 1 14  8  4]
 [ 5  7 15 11]
 [ 0  9 13 12]] 
Move: 28 
[[ 6 10  2  3]
 [ 1 14  8  4]
 [ 5  7 15 11]
 [ 9  0 13 12]] 
Move: 29 
[[ 6 10  2  3]
 [ 1 14  8  4]
 [ 5  7 15 11]
 [ 9 13  0 12]] 
Move: 30 
[[ 6 10  2  3]
 [ 1 14  8  4]
 [ 5  7  0 11]
 [ 9 13 15 12]] 
Move: 31 
[[ 6 10  2  3]
 [ 1 14  8  4]
 [ 5  0  7 11]
 [ 9 13 15 12]] 
Move: 32 
[[ 6 10  2  3]
 [ 1  0  8  4]
 [ 5 14  7 11]
 [ 9 13 15 12]] 
Move: 33 
[[ 6  0  2  3]
 [ 1 10  8  4]
 [ 5 14  7 11]
 [ 9 13 15 12]] 
Move: 34 
[[ 0  6  2  3]
 [ 1 10  8  4]
 [ 5 14  7 11]
 [ 9 13 15 12]] 
Move: 35 
[[ 1  6  2  3]
 [ 0 10  8  4]
 [ 5 14  7 11]
 [ 9 13 15 12]] 
Move: 36 
[[ 1  6  2  3]
 [ 5 10  8  4]
 [ 0 14  7 11]
 [ 9 13 15 12]] 
Move: 37 
[[ 1  6  2  3]
 [ 5 10  8  4]
 [ 9 14  7 11]
 [ 0 13 15 12]] 
Move: 38 
[[ 1  6  2  3]
 [ 5 10  8  4]
 [ 9 14  7 11]
 [13  0 15 12]] 
Move: 39 
[[ 1  6  2  3]
 [ 5 10  8  4]
 [ 9  0  7 11]
 [13 14 15 12]] 
Move: 40 
[[ 1  6  2  3]
 [ 5  0  8  4]
 [ 9 10  7 11]
 [13 14 15 12]] 
Move: 41 
[[ 1  0  2  3]
 [ 5  6  8  4]
 [ 9 10  7 11]
 [13 14 15 12]] 
Move: 42 
[[ 1  2  0  3]
 [ 5  6  8  4]
 [ 9 10  7 11]
 [13 14 15 12]] 
Move: 43 
[[ 1  2  3  0]
 [ 5  6  8  4]
 [ 9 10  7 11]
 [13 14 15 12]] 
Move: 44 
[[ 1  2  3  4]
 [ 5  6  8  0]
 [ 9 10  7 11]
 [13 14 15 12]] 
Move: 45 
[[ 1  2  3  4]
 [ 5  6  0  8]
 [ 9 10  7 11]
 [13 14 15 12]] 
Move: 46 
[[ 1  2  3  4]
 [ 5  6  7  8]
 [ 9 10  0 11]
 [13 14 15 12]] 
Move: 47 
[[ 1  2  3  4]
 [ 5  6  7  8]
 [ 9 10 11  0]
 [13 14 15 12]] 
Move: 48 
[[ 1  2  3  4]
 [ 5  6  7  8]
 [ 9 10 11 12]
 [13 14 15  0]] 
Test 4, Total Step 48 
Used Time 170.719640 sec
Expanded 125820596 nodes

