15-Puzzle initial state:
[11  3  1  7  4  6  8  2 15  9 10 13 14 12  5  0]

Move: 1 
[11  3  1  7  4  6  8  2 15  9 10 13 14 12  0  5] 
Move: 2 
[11  3  1  7  4  6  8  2 15  9 10 13 14  0 12  5] 
Move: 3 
[11  3  1  7  4  6  8  2 15  0 10 13 14  9 12  5] 
Move: 4 
[11  3  1  7  4  6  8  2 15 10  0 13 14  9 12  5] 
Move: 5 
[11  3  1  7  4  6  8  2 15 10 13  0 14  9 12  5] 
Move: 6 
[11  3  1  7  4  6  8  2 15 10 13  5 14  9 12  0] 
Move: 7 
[11  3  1  7  4  6  8  2 15 10 13  5 14  9  0 12] 
Move: 8 
[11  3  1  7  4  6  8  2 15 10  0  5 14  9 13 12] 
Move: 9 
[11  3  1  7  4  6  8  2 15 10  5  0 14  9 13 12] 
Move: 10 
[11  3  1  7  4  6  8  0 15 10  5  2 14  9 13 12] 
Move: 11 
[11  3  1  7  4  6  0  8 15 10  5  2 14  9 13 12] 
Move: 12 
[11  3  1  7  4  0  6  8 15 10  5  2 14  9 13 12] 
Move: 13 
[11  0  1  7  4  3  6  8 15 10  5  2 14  9 13 12] 
Move: 14 
[11  1  0  7  4  3  6  8 15 10  5  2 14  9 13 12] 
Move: 15 
[11  1  6  7  4  3  0  8 15 10  5  2 14  9 13 12] 
Move: 16 
[11  1  6  7  4  0  3  8 15 10  5  2 14  9 13 12] 
Move: 17 
[11  1  6  7  0  4  3  8 15 10  5  2 14  9 13 12] 
Move: 18 
[ 0  1  6  7 11  4  3  8 15 10  5  2 14  9 13 12] 
Move: 19 
[ 1  0  6  7 11  4  3  8 15 10  5  2 14  9 13 12] 
Move: 20 
[ 1  4  6  7 11  0  3  8 15 10  5  2 14  9 13 12] 
Move: 21 
[ 1  4  6  7 11 10  3  8 15  0  5  2 14  9 13 12] 
Move: 22 
[ 1  4  6  7 11 10  3  8 15  5  0  2 14  9 13 12] 
Move: 23 
[ 1  4  6  7 11 10  3  8 15  5  2  0 14  9 13 12] 
Move: 24 
[ 1  4  6  7 11 10  3  0 15  5  2  8 14  9 13 12] 
Move: 25 
[ 1  4  6  7 11 10  0  3 15  5  2  8 14  9 13 12] 
Move: 26 
[ 1  4  6  7 11  0 10  3 15  5  2  8 14  9 13 12] 
Move: 27 
[ 1  4  6  7 11  5 10  3 15  0  2  8 14  9 13 12] 
Move: 28 
[ 1  4  6  7 11  5 10  3  0 15  2  8 14  9 13 12] 
Move: 29 
[ 1  4  6  7  0  5 10  3 11 15  2  8 14  9 13 12] 
Move: 30 
[ 1  4  6  7  5  0 10  3 11 15  2  8 14  9 13 12] 
Move: 31 
[ 1  4  6  7  5 10  0  3 11 15  2  8 14  9 13 12] 
Move: 32 
[ 1  4  6  7  5 10  2  3 11 15  0  8 14  9 13 12] 
Move: 33 
[ 1  4  6  7  5 10  2  3 11  0 15  8 14  9 13 12] 
Move: 34 
[ 1  4  6  7  5 10  2  3  0 11 15  8 14  9 13 12] 
Move: 35 
[ 1  4  6  7  5 10  2  3 14 11 15  8  0  9 13 12] 
Move: 36 
[ 1  4  6  7  5 10  2  3 14 11 15  8  9  0 13 12] 
Move: 37 
[ 1  4  6  7  5 10  2  3 14 11 15  8  9 13  0 12] 
Move: 38 
[ 1  4  6  7  5 10  2  3 14 11  0  8  9 13 15 12] 
Move: 39 
[ 1  4  6  7  5 10  2  3 14  0 11  8  9 13 15 12] 
Move: 40 
[ 1  4  6  7  5 10  2  3  0 14 11  8  9 13 15 12] 
Move: 41 
[ 1  4  6  7  5 10  2  3  9 14 11  8  0 13 15 12] 
Move: 42 
[ 1  4  6  7  5 10  2  3  9 14 11  8 13  0 15 12] 
Move: 43 
[ 1  4  6  7  5 10  2  3  9  0 11  8 13 14 15 12] 
Move: 44 
[ 1  4  6  7  5  0  2  3  9 10 11  8 13 14 15 12] 
Move: 45 
[ 1  4  6  7  5  2  0  3  9 10 11  8 13 14 15 12] 
Move: 46 
[ 1  4  0  7  5  2  6  3  9 10 11  8 13 14 15 12] 
Move: 47 
[ 1  0  4  7  5  2  6  3  9 10 11  8 13 14 15 12] 
Move: 48 
[ 1  2  4  7  5  0  6  3  9 10 11  8 13 14 15 12] 
Move: 49 
[ 1  2  4  7  5  6  0  3  9 10 11  8 13 14 15 12] 
Move: 50 
[ 1  2  4  7  5  6  3  0  9 10 11  8 13 14 15 12] 
Move: 51 
[ 1  2  4  0  5  6  3  7  9 10 11  8 13 14 15 12] 
Move: 52 
[ 1  2  0  4  5  6  3  7  9 10 11  8 13 14 15 12] 
Move: 53 
[ 1  2  3  4  5  6  0  7  9 10 11  8 13 14 15 12] 
Move: 54 
[ 1  2  3  4  5  6  7  0  9 10 11  8 13 14 15 12] 
Move: 55 
[ 1  2  3  4  5  6  7  8  9 10 11  0 13 14 15 12] 
Move: 56 
[ 1  2  3  4  5  6  7  8  9 10 11 12 13 14 15  0] 
Test 1, Total Step 56 
Used Time 11228.500149 sec
Expanded 861726906 nodes
Bound: 56

15-Puzzle initial state:
[14 10  6  0  4  9  1  8  2  3  5 11 12 13  7 15]
Move: 1
[14 10  0  6  4  9  1  8  2  3  5 11 12 13  7 15]
Move: 2
[14  0 10  6  4  9  1  8  2  3  5 11 12 13  7 15]
Move: 3
[14  9 10  6  4  0  1  8  2  3  5 11 12 13  7 15]
Move: 4
[14  9 10  6  0  4  1  8  2  3  5 11 12 13  7 15]
Move: 5
[ 0  9 10  6 14  4  1  8  2  3  5 11 12 13  7 15]
Move: 6
[ 9  0 10  6 14  4  1  8  2  3  5 11 12 13  7 15]
Move: 7
[ 9  4 10  6 14  0  1  8  2  3  5 11 12 13  7 15]
Move: 8
[ 9  4 10  6 14  1  0  8  2  3  5 11 12 13  7 15]
Move: 9
[ 9  4  0  6 14  1 10  8  2  3  5 11 12 13  7 15]
Move: 10
[ 9  0  4  6 14  1 10  8  2  3  5 11 12 13  7 15]
Move: 11
[ 9  1  4  6 14  0 10  8  2  3  5 11 12 13  7 15]
Move: 12
[ 9  1  4  6 14  3 10  8  2  0  5 11 12 13  7 15]
Move: 13
[ 9  1  4  6 14  3 10  8  0  2  5 11 12 13  7 15]
Move: 14
[ 9  1  4  6  0  3 10  8 14  2  5 11 12 13  7 15]
Move: 15
[ 0  1  4  6  9  3 10  8 14  2  5 11 12 13  7 15]
Move: 16
[ 1  0  4  6  9  3 10  8 14  2  5 11 12 13  7 15]
Move: 17
[ 1  3  4  6  9  0 10  8 14  2  5 11 12 13  7 15]
Move: 18
[ 1  3  4  6  9  2 10  8 14  0  5 11 12 13  7 15]
Move: 19
[ 1  3  4  6  9  2 10  8 14  5  0 11 12 13  7 15]
Move: 20
[ 1  3  4  6  9  2 10  8 14  5 11  0 12 13  7 15]
Move: 21
[ 1  3  4  6  9  2 10  0 14  5 11  8 12 13  7 15]
Move: 22
[ 1  3  4  0  9  2 10  6 14  5 11  8 12 13  7 15]
Move: 23
[ 1  3  0  4  9  2 10  6 14  5 11  8 12 13  7 15]
Move: 24
[ 1  0  3  4  9  2 10  6 14  5 11  8 12 13  7 15]
Move: 25
[ 1  2  3  4  9  0 10  6 14  5 11  8 12 13  7 15]
Move: 26
[ 1  2  3  4  9  5 10  6 14  0 11  8 12 13  7 15]
Move: 27
[ 1  2  3  4  9  5 10  6 14 13 11  8 12  0  7 15]
Move: 28
[ 1  2  3  4  9  5 10  6 14 13 11  8  0 12  7 15]
Move: 29
[ 1  2  3  4  9  5 10  6  0 13 11  8 14 12  7 15]
Move: 30
[ 1  2  3  4  9  5 10  6 13  0 11  8 14 12  7 15]
Move: 31
[ 1  2  3  4  9  5 10  6 13 12 11  8 14  0  7 15]
Move: 32
[ 1  2  3  4  9  5 10  6 13 12 11  8 14  7  0 15]
Move: 33
[ 1  2  3  4  9  5 10  6 13 12  0  8 14  7 11 15]
Move: 34
[ 1  2  3  4  9  5 10  6 13  0 12  8 14  7 11 15]
Move: 35
[ 1  2  3  4  9  5 10  6 13  7 12  8 14  0 11 15]
Move: 36
[ 1  2  3  4  9  5 10  6 13  7 12  8  0 14 11 15]
Move: 37
[ 1  2  3  4  9  5 10  6  0  7 12  8 13 14 11 15]
Move: 38
[ 1  2  3  4  0  5 10  6  9  7 12  8 13 14 11 15]
Move: 39
[ 1  2  3  4  5  0 10  6  9  7 12  8 13 14 11 15]
Move: 40
[ 1  2  3  4  5 10  0  6  9  7 12  8 13 14 11 15]
Move: 41
[ 1  2  3  4  5 10  6  0  9  7 12  8 13 14 11 15]
Move: 42
[ 1  2  3  4  5 10  6  8  9  7 12  0 13 14 11 15]
Move: 43
[ 1  2  3  4  5 10  6  8  9  7  0 12 13 14 11 15]
Move: 44
[ 1  2  3  4  5 10  6  8  9  0  7 12 13 14 11 15]
Move: 45
[ 1  2  3  4  5  0  6  8  9 10  7 12 13 14 11 15]
Move: 46
[ 1  2  3  4  5  6  0  8  9 10  7 12 13 14 11 15]
Move: 47
[ 1  2  3  4  5  6  7  8  9 10  0 12 13 14 11 15]
Move: 48
[ 1  2  3  4  5  6  7  8  9 10 11 12 13 14  0 15]
Move: 49
[ 1  2  3  4  5  6  7  8  9 10 11 12 13 14 15  0]
Test 2, Total Step 49
Used Time 54.638738 sec
Expanded 4438912 nodes
Bound: 49

15-Puzzle initial state:
[ 6 10  3 15 14  8  7 11  5  1  0  2 13 12  9  4]
Move: 1
[ 6 10  3 15 14  8  7 11  5  1  9  2 13 12  0  4]
Move: 2
[ 6 10  3 15 14  8  7 11  5  1  9  2 13  0 12  4]
Move: 3
[ 6 10  3 15 14  8  7 11  5  1  9  2  0 13 12  4]
Move: 4
[ 6 10  3 15 14  8  7 11  0  1  9  2  5 13 12  4]
Move: 5
[ 6 10  3 15 14  8  7 11  1  0  9  2  5 13 12  4]
Move: 6
[ 6 10  3 15 14  8  7 11  1  9  0  2  5 13 12  4]
Move: 7
[ 6 10  3 15 14  8  0 11  1  9  7  2  5 13 12  4]
Move: 8
[ 6 10  3 15 14  8 11  0  1  9  7  2  5 13 12  4]
Move: 9
[ 6 10  3 15 14  8 11  2  1  9  7  0  5 13 12  4]
Move: 10
[ 6 10  3 15 14  8 11  2  1  9  7  4  5 13 12  0]
Move: 11
[ 6 10  3 15 14  8 11  2  1  9  7  4  5 13  0 12]
Move: 12
[ 6 10  3 15 14  8 11  2  1  9  7  4  5  0 13 12]
Move: 13
[ 6 10  3 15 14  8 11  2  1  0  7  4  5  9 13 12]
Move: 14
[ 6 10  3 15 14  8 11  2  1  7  0  4  5  9 13 12]
Move: 15
[ 6 10  3 15 14  8  0  2  1  7 11  4  5  9 13 12]
Move: 16
[ 6 10  3 15 14  8  2  0  1  7 11  4  5  9 13 12]
Move: 17
[ 6 10  3  0 14  8  2 15  1  7 11  4  5  9 13 12]
Move: 18
[ 6 10  0  3 14  8  2 15  1  7 11  4  5  9 13 12]
Move: 19
[ 6 10  2  3 14  8  0 15  1  7 11  4  5  9 13 12]
Move: 20
[ 6 10  2  3 14  8 15  0  1  7 11  4  5  9 13 12]
Move: 21
[ 6 10  2  3 14  8 15  4  1  7 11  0  5  9 13 12]
Move: 22
[ 6 10  2  3 14  8 15  4  1  7  0 11  5  9 13 12]
Move: 23
[ 6 10  2  3 14  8  0  4  1  7 15 11  5  9 13 12]
Move: 24
[ 6 10  2  3 14  0  8  4  1  7 15 11  5  9 13 12]
Move: 25
[ 6 10  2  3  0 14  8  4  1  7 15 11  5  9 13 12]
Move: 26
[ 6 10  2  3  1 14  8  4  0  7 15 11  5  9 13 12]
Move: 27
[ 6 10  2  3  1 14  8  4  5  7 15 11  0  9 13 12]
Move: 28
[ 6 10  2  3  1 14  8  4  5  7 15 11  9  0 13 12]
Move: 29
[ 6 10  2  3  1 14  8  4  5  7 15 11  9 13  0 12]
Move: 30
[ 6 10  2  3  1 14  8  4  5  7  0 11  9 13 15 12]
Move: 31
[ 6 10  2  3  1 14  8  4  5  0  7 11  9 13 15 12]
Move: 32
[ 6 10  2  3  1  0  8  4  5 14  7 11  9 13 15 12]
Move: 33
[ 6  0  2  3  1 10  8  4  5 14  7 11  9 13 15 12]
Move: 34
[ 0  6  2  3  1 10  8  4  5 14  7 11  9 13 15 12]
Move: 35
[ 1  6  2  3  0 10  8  4  5 14  7 11  9 13 15 12]
Move: 36
[ 1  6  2  3  5 10  8  4  0 14  7 11  9 13 15 12]
Move: 37
[ 1  6  2  3  5 10  8  4  9 14  7 11  0 13 15 12]
Move: 38
[ 1  6  2  3  5 10  8  4  9 14  7 11 13  0 15 12]
Move: 39
[ 1  6  2  3  5 10  8  4  9  0  7 11 13 14 15 12]
Move: 40
[ 1  6  2  3  5  0  8  4  9 10  7 11 13 14 15 12]
Move: 41
[ 1  0  2  3  5  6  8  4  9 10  7 11 13 14 15 12]
Move: 42
[ 1  2  0  3  5  6  8  4  9 10  7 11 13 14 15 12]
Move: 43
[ 1  2  3  0  5  6  8  4  9 10  7 11 13 14 15 12]
Move: 44
[ 1  2  3  4  5  6  8  0  9 10  7 11 13 14 15 12]
Move: 45
[ 1  2  3  4  5  6  0  8  9 10  7 11 13 14 15 12]
Move: 46
[ 1  2  3  4  5  6  7  8  9 10  0 11 13 14 15 12]
Move: 47
[ 1  2  3  4  5  6  7  8  9 10 11  0 13 14 15 12]
Move: 48
[ 1  2  3  4  5  6  7  8  9 10 11 12 13 14 15  0]
Test 4, Total Step 48
Used Time 419.185472 sec
Expanded 34135093 nodes
Bound: 48
